6063
7692
5981
1875
4203
8159
409
8860
1131
820
1970
8018
8115
8399
6905
1208
2446
4682
4510
2757
8358
599
3068
3259
2427
5450
7071
8655
8012
2418
2818
4075
110
8799
5950
4314
6958
6359
9526
8090
3532
1496
6108
1647
6247
3013
9208
8693
4047
70
1450
2406
7021
4518
5665
9448
6321
9088
4455
4333
1506
7273
8409
7969
6072
711
8635
3030
3423
8161
7472
6955
6009
9933
4954
2256
9298
514
950
3346
584
8752
5752
7605
3271
7769
7053
9592
3209
1508
277
4716
8781
8686
9037
1205
5750
7672
588
9173
2185
8060
2480
8194
7993
7434
450
7292
7949
7752
6990
4885
2857
2742
2491
6128
6863
5896
2072
72
3757
2349
1140
8890
7388
177
96
3138
7849
684
8663
34
5096
1143
4580
9442
4929
1383
3086
2878
9135
76
7764
1992
9170
6607
4472
6033
2503
6544
6105
6260
5246
3598
1503
2634
3775
1599
2124
1625
8635
787
8011
3731
8282
2592
9525
3211
3975
2611
2442
9462
2687
6558
7807
8209
3165
8631
4242
2020
1528
6700
4633
6774
298
6136
5760
4073
4087
7884
2050
2722
5023
6414
2805
3305
5358
8683
6516
5685
1294
5310
1499
334
1868
9306
8543
1385
4290
2786
3406
5818
5838
4391
8944
6136
527
4704
6561
966
8940
4964
40
315
7730
2845
3620
3088
1528
6488
8773
9175
1799
272
9509
19
5931
8052
1405
221
7190
4811
2391
9380
5554
7687
1868
6081
8743
8430
3399
7683
9746
3439
4350
7476
2636
7970
564
4165
810
5689
9692
8961
2313
9201
8981
8244
3605
386
4817
7148
1549
3560
6528
7103
1247
8397
9536
9990
3179
2935
4025
2925
6374
8375
6753
9010
2697
7317
9527
3508
9358
9219
2469
1671
4772
1450
6268
4730
8188
1085
1878
9737
998
4758
3192
2245
3155
2728
2236
2686
2015
2613
5611
4741
989
2364
104
3686
6033
9631
3546
5391
5203
6016
3415
6327
3818
9683
1057
2007
7120
9287
1744
8118
4046
1289
364
3553
369
8952
6240
2385
1565
8203
7126
8906
6920
7230
2593
9305
3214
6139
1049
4769
8507
4464
1096
2326
4147
8506
4333
1267
4145
2429
9386
4543
3718
6102
8097
440
5054
689
2825
2971
5244
6303
1878
2164
9886
823
1470
3100
3314
2519
7869
1822
6983
5317
500
7482
175
1185
5101
4321
3614
4487
8864
3685
6941
3313
4125
1995
354
3302
1319
5599
9605
9549
4115
9491
372
5585
8943
38
4456
3164
8212
7791
4834
8712
5273
5009
9897
6727
5682
9864
7566
4547
9901
4508
4212
378
2855
4567
3680
4174
166
9637
3723
4281
9129
447
6219
4424
486
7027
7589
8698
4819
2423
3763
6444
3784
3660
3171
9467
9876
738
4014
9777
5246
4578
155
4453
9145
3835
8628
5663
3473
8703
6297
8954
9151
8868
3378
5989
5895
7319
1039
7066
9742
4802
3511
3527
4815
3034
2994
4691
124
3360
821
1722
7938
976
6176
3436
1164
4804
9099
989
9859
1748
6295
9010
616
9673
1351
2864
3345
8743
9930
3087
3545
3441
2966
4712
2828
2312
5756
2952
2024
6577
4675
6315
3905
851
9751
1421
2007
5202
2410
1866
3303
8705
7229
271
4731
8580
3135
8076
7323
3066
7515
7221
2859
6834
8285
5687
5498
4041
4992
7523
6970
9667
190
7228
6870
9941
8649
8877
1495
7412
743
4798
2469
7972
1422
7200
2905
4557
1628
228
3975
9144
3801
6835
5978
2087
8874
7828
2480
3866
5351
5803
9885
1893
9383
6755
1834
8032
5632
9682
1796
2728
832
4266
700
2254
1466
3605
3164
3095
186
7139
8591
3987
3974
921
2426
9201
8749
1259
9419
453
3414
9305
2346
2797
2412
533
7181
4397
6567
8978
7125
7399
3244
7825
6006
1062
7783
9170
509
7969
6309
5452
8308
6636
6373
735
2189
1475
8346
1608
8280
1760
7265
626
4557
6030
7511
1738
427
4078
7068
7552
7830
6664
1729
188
7727
9512
9358
4588
7481
2019
41
5790
8655
2766
2877
844
593
1223
8805
8873
9335
6070
5852
3892
2100
3363
1982
8879
3794
9051
6431
7976
5715
8161
8164
9794
4025
3874
735
1507
5893
7128
3649
901
9894
2878
8097
488
453
6902
5713
9788
9325
1565
32
7777
4929
2014
6657
5075
1065
9440
3051
3133
7601
7567
9279
7979
1441
14
9486
7334
7142
9487
4587
3389
8717
2685
229
5522
9587
5942
5310
5264
7508
5342
3042
8789
3708
6051
3864
1126
5491
3267
611
9445
834
9890
7424
2275
9905
3262
5961
3399
2749
6901
6788
7818
9586
7017
3340
5525
9312
5002
790
6820
6696
184
5609
404
6235
5825
7882
1726
9092
8493
1171
6278
8384
4947
8553
8289
8209
866
8040
958
7767
4829
5128
3705
8198
8468
9231
7510
3470
6373
4330
166
6557
6291
6923
9144
2116
4805
7222
7560
3299
4746
3838
1683
9693
8743
6324
7903
5962
4364
5213
3729
5545
342
3787
3744
8810
3018
1254
8633
9391
1937
8799
2300
4580
2074
7796
3049
6880
5018
609
179
6116
800
8214
5810
9543
4538
3713
5505
5254
8926
5587
800
5620
9374
4544
783
2392
2150
9416
8135
4087
4567
6787
5020
6642
4583
8069
9874
5953
8678
53
2070
9478
8267
4232
5374
9157
7945
879
4411
3223
2818
1563
5196
2192
6107
5979
936
4610
1747
5423
5049
6314
2210
69
9308
3145
8138
9182
5451
3169
5587
3873
8999
3854
8105
4373
9363
2402
1605
127
5625
4423
1690
7173
6616
4150
3152
7552
8760
4899
9328
161
7566
1538
231
6874
1036
4721
2409
2839
7890
7996
6712
6890
8203
4817
7615
7566
7219
9220
4045
9196
3644
2088
6370
6612
6238
5874
516
1350
774
9844
1511
8340
7735
8094
1566
5123
2816
3975
7962
7058
8324
4674
300
6527
9491
7916
445
3062
3488
4491
2258
7132
6579
4980
96
9169
855
613
519
1629
6809
8382
6321
4544
2829
4239
9667
5645
4567
3981
9055
2891
8655
9356
9418
4498
3624
9863
7560
7112
706
6171
597
7285
1151
693
6454
2006
7658
3325
9987
4468
8060
2660
5364
889
6900
1384
6534
1467
5365
1941
710
4021
1297
128
4871
4921
6343
2432
2034
7050
8603
8983
687
6106
9676
7142
8113
7335
6819
8100
8155
4879
761
3519
5768
4013
4903
8654
1832
6621
596
2542
642
1893
9022
1865
3167
5365
4297
1553
8767
9252
536
9455
5359
6564
2949
9824
251
9768
4276
8406
1000
1389
8278
6768
5402
9533
1775
3586
6154
2371
6128
6796
616
5150
5014
135
6868
9311
8040
5635
4916
8576
5090
6627
1493
4391
2803
1744
512
7079
6503
1512
4821
4781
4632
223
4314
6407
162
469
5130
6290
3617
2099
7793
8631
8586
4661
4295
6627
296
5563
5203
1739
2190
6696
6130
1345
4793
2994
8424
1296
4506
3245
2429
5491
9821
6743
1898
9983
3564
3381
2625
7182
1832
418
2165
418
5079
6460
7045
1728
2023
8601
3467
565
1649
5949
1910
6442
8944
6687
4090
9802
9932
6519
5293
6105
9615
3544
2440
3179
3277
5066
361
5109
5484
2527
5527
6916
5339
8925
8644
7363
7526
8463
4280
5527
764
6191
8322
6060
2878
2412
5863
9162
5284
1156
1620
4899
1052
4060
4430
4329
5478
1144
9438
963
23
1318
4231
5362
243
9227
9077
4121
4042
3358
6000
1158
5901
4322
7219
8779
3087
9434
4293
4723
590
5913
5974
7995
6326
404
2324
1804
1548
8115
2767
1571
9433
3350
6934
6028
8929
2363
6501
2971
5721
2501
4130
1622
3176
1349
6753
2615
783
7399
7338
7725
3312
3312
2072
9638
3716
4397
1443
1617
2512
562
3188
8297
265
6474
4325
9194
8838
7178
2166
911
6031
2648
2534
9207
349
5639
8174
7484
3038
5512
1561
2703
8824
3634
8693
8893
8031
136
6862
6895
7051
50
5192
7316
2877
5869
6510
1715
9399
5028
8978
5430
4028
1512
990
4377
3504
9164
1861
2894
4677
3423
5597
9853
7057
4291
5098
1440
779
1960
8335
7830
8363
9879
1498
7592
2100
4361
9307
1499
5741
8285
3281
9770
6150
4271
4147
6006
3436
2361
8900
4465
5784
850
670
9193
5141
2121
633
2272
433
5320
6455
8796
1551
7953
6388
3
2314
2047
1502
4408
6685
4783
4178
9187
5407
4677
1545
5195
7038
445
6012
9174
7647
6682
8367
2788
5155
5352
1413
5589
7024
7868
737
8575
5821
3478
4930
4488
1877
6432
5248
8562
7568
9426
4101
9327
4103
5646
4522
7494
2444
534
6668
91
3568
5036
9232
8724
6740
645
665
3765
8513
1402
8692
686
4880
3623
1526
6758
6407
6774
1672
3975
2552
2126
9654
3008
7772
4176
502
216
1062
7170
6660
983
8558
5892
6059
5299
6537
6724
9064
1402
4478
4108
8440
5711
7731
6319
8821
4139
9445
493
4466
1998
2619
4121
5006
6744
4649
1860
6960
2064
9030
3620
3047
3941
5864
9106
9240
8753
2182
4656
155
6660
5116
4948
2371
2848
7619
1192
3339
7064
8038
4157
5414
7009
4630
420
3753
9280
8632
7066
7696
4015
7038
743
7956
2903
6201
3548
1656
4735
8204
8164
1395
3320
9464
119
2520
7083
7663
5859
4147
2053
6369
9562
9063
999
6334
2816
279
4967
9882
4327
8982
3273
5070
3290
6176
7623
6838
4184
2358
1394
8700
106
4714
8164
6577
3587
5247
4240
5798
5747
6294
2167
1661
1709
3167
7995
4525
9798
9314
760
4126
4648
4033
5548
7938
6561
3172
4776
7097
1882
6170
5798
8340
7237
314
4917
7176
5562
5510
2974
7661
8156
5142
9322
9865
4661
3669
742
4459
2984
1502
4937
3984
1887
486
1923
4800
10
3051
1898
1892
5574
4048
233
2811
4362
1502
9987
6276
7012
9313
3937
1520
807
9611
1385
5468
3281
2128
6280
2617
9982
1217
6601
8222
1703
4876
3022
1713
7928
1272
9958
9854
5320
6543
2665
9683
8045
9004
5959
1410
8317
6249
9282
5477
2212
668
945
5493
9148
7225
4462
5482
4795
7416
3704
2850
8644
3079
4564
6572
4351
874
2778
6024
7417
5443
5707
1814
799
8018
9576
5469
619
8859
946
2832
5879
1891
4677
5027
5469
9140
6861
6616
2908
566
9466
1552
9997
382
4477
4348
1256
7255
372
5025
9051
2431
3192
9850
6802
9120
5319
3773
4331
2617
6605
210
861
1283
1589
6330
6775
8451
9298
6035
5369
8764
7587
5366
9147
2064
6066
6755
5672
2791
8133
4723
1574
7677
4573
8376
6797
6245
2150
1129
8862
5107
7691
9723
2742
5633
2405
9517
436
1703
5552
5805
468
9492
7523
5967
1556
3589
9074
3580
2732
7207
8303
4307
4884
2877
9035
8034
5474
1185
5515
4336
2645
9558
412
5387
5191
2817
1257
5627
4521
3161
7784
1341
2653
1659
3660
562
1601
9086
4142
4333
6294
2446
8640
7530
1675
4028
1916
7149
5213
7431
7837
4210
6990
8249
9598
2181
1067
855
4161
1940
4016
8297
9633
3022
9957
3293
3584
7910
2379
4078
2243
5025
6524
7236
8908
4551
1264
824
1700
2829
8256
5890
7040
1598
4139
6638
131
5206
3845
4292
3498
4213
8942
3131
7235
5251
2776
7171
3161
1508
7602
5404
2885
478
8992
1793
5030
256
2618
3082
9438
7226
8972
6478
8824
3112
9468
8955
4670
9665
9600
8169
3878
4894
7652
7466
145
429
989
3306
8289
8591
5062
1174
9070
4055
2968
4100
663
1938
3534
6453
9164
2507
9283
4340
1971
8751
9647
2993
4768
5599
7514
4999
493
5167
2465
638
1948
3454
296
237
8398
1711
7763
7468
5766
731
7920
2781
9021
1454
5587
8185
3961
4870
8877
2284
9974
8525
5278
4742
4124
2792
9741
4618
7959
8558
1608
6259
2013
1905
2848
6763
3616
612
4231
5734
7695
2151
4867
6717
3605
454
1254
3919
5325
132
6203
5299
8657
1481
6393
2781
626
6135
3751
8585
4693
5360
1197
3058
3617
4045
9821
3585
4657
404
5671
2353
8907
6890
9070
2513
7345
6676
2784
9022
6808
5339
673
5465
3173
7066
4599
3799
9553
8350
2384
599
62
3581
9
31
3979
6183
3616
8636
6587
5639
7341
5495
2530
2763
4360
9875
9440
3496
5249
6248
8835
5922
1714
2008
9340
2665
5807
8894
1015
4544
9493
1078
4477
9502
7461
8456
5685
1078
3445
8625
6717
786
4120
5599
3550
4832
1826
2990
8328
7075
9238
3515
9349
7304
1876
8690
9969
7683
7584
7337
8579
3429
8415
3057
2931
2228
7865
4969
3306
1310
3594
6376
2097
4066
8327
5647
5250
154
4989
9930
7229
4227
3445
6579
7884
5321
5269
7853
9357
9205
5190
7936
2634
9957
7345
1917
2186
5211
3238
1844
2873
6832
4572
4970
7250
2900
6969
8852
3054
1958
8782
6635
2538
8580
3214
422
253
4835
4627
5962
392
9818
251
9378
6127
3948
1296
4665
9159
4534
6510
8385
7719
1082
3355
1321
334
6677
174
3388
8635
5308
24
7525
240
9590
7947
494
778
8927
2808
1170
5097
3059
549
1224
7008
8197
5890
2519
9083
8752
904
3154
6186
612
4476
6521
3641
1002
6261
8628
2662
6285
6154
2903
2228
453
9749
9358
9380
2557
528
4477
1969
7429
2054
5329
1978
4296
7848
1062
9400
5105
4216
5586
2069
5044
8459
2062
2398
4721
690
5061
7358
6844
7964
5938
3650
4065
5296
9382
6622
5825
212
4943
9606
2266
272
1585
2914
4473
8999
2314
5930
9567
4252
7999
4612
2712
6413
7010
3785
7103
8423
1143
300
6387
7082
3950
452
8730
9684
3427
907
9896
4722
514
8514
4995
8451
1428
9468
7450
3742
5398
3369
4347
9749
7981
7059
6162
1344
844
9617
9767
8339
9917
2507
1773
219
9311
504
9904
9090
1411
6152
3813
1925
4667
5160
6728
6095
4628
530
6190
6378
3900
6889
2479
8233
3948
4993
9577
1144
4610
5697
9483
880
4556
1257
7451
219
1761
7355
9310
3172
3508
9475
1450
4527
4635
8178
6974
5615
8709
9516
1993
8961
6405
824
7194
353
2169
6772
1497
3131
8821
7333
363
3377
8590
7815
3596
351
1522
9258
9875
1382
8733
1325
5909
3368
5856
2884
8983
917
8752
7328
9878
5158
4504
7072
1863
6673
196
9713
6157
9017
7046
6520
8746
1988
4335
8695
8691
5858
7953
8566
7240
3039
6244
9502
6407
2100
8738
1743
9369
7490
9071
9247
2648
9928
2671
864
2953
2868
577
9110
8237
7623
1983
6984
9611
2670
2031
8302
4880
9984
3220
2121
3023
9464
7975
5783
7916
6713
7526
7285
4203
2949
2884
3204
2877
5556
4068
2183
8424
4645
7645
3013
8620
9628
9997
4583
2299
2028
9237
7179
8365
2457
5652
7740
8274
9979
3523
2542
6692
7401
6180
7248
351
9064
452
9580
972
4520
8115
5748
5517
5761
8762
489
5389
5111
5072
4040
7140
4309
7572
1857
3118
9576
9597
7744
9556
9473
287
2600
3226
2819
9848
3577
1883
6652
9510
9208
7524
7625
4956
9393
9738
3718
9882
1480
8830
4954
5520
2322
5615
9444
531
8734
5373
6480
2830
1281
5953
3117
3881
9180
5936
82
9109
4172
3086
4971
3380
611
8949
4688
4
8687
4759
9887
167
3589
1193
2040
2263
6809
7836
9146
1895
3209
5626
4725
4490
7932
7843
4724
3464
131
1158
8925
655
4244
3897
387
1207
9198
5076
1212
4237
9835
7451
757
9776
4996
9149
8391
1805
6985
7537
3700
195
3163
8426
1037
1095
2621
5761
911
9104
3271
9837
9760
7516
86
6499
8723
9284
1575
6287
3521
7762
90
630
3890
5087
9779
2281
6892
6765
9818
6945
3312
9334
1723
4349
6781
696
6463
7693
6152
9734
7530
2264
3602
7616
8764
2326
3252
339
4965
3125
4454
5056
3756
8344
6495
3535
6978
9739
6652
3148
6684
9964
2482
4759
666
5616
5455
7129
3309
1608
3215
7191
3872
6818
1159
2636
5496
4411
9328
461
3888
134
1869
7644
8478
8364
7532
1808
8104
536
4957
1140
501
7439
5900
1167
9407
7707
4648
2716
5667
7863
6259
9540
1033
3770
8528
6529
8181
4208
6991
8422
4342
5212
2418
9173
9929
9950
981
8033
6839
2290
5525
7340
6082
1425
4859
5489
5485
5859
4558
1152
74
817
692
1108
4588
5573
7637
9121
6133
980
7543
6828
2545
6314
2353
2474
6264
9686
6859
9455
1977
2384
6795
8059
3810
8006
3548
9295
217
8106
6799
292
5276
7492
1400
6216
9417
5389
5337
5550
2722
9233
8730
5267
5547
1083
4093
8163
770
952
7619
2747
3336
766
7158
3498
5125
706
9145
5342
5165
5945
5634
441
9789
3386
6657
9206
5128
8346
1108
7850
3931
9839
9469
5830
7274
3562
346
8044
4514
7965
7143
4202
5083
4301
7701
208
5008
6846
1903
6525
2791
7537
6966
2580
7276
9975
8138
2404
8321
5599
6606
8605
1790
6075
4435
9064
5989
4781
3461
6855
9098
604
1057
534
4906
8758
742
6266
1957
8997
2791
1100
6535
6109
3681
3811
6084
8171
2567
757
3770
9173
9362
1912
5248
150
977
7589
4931
4438
796
382
1394
1853
916
6300
6964
8010
8918
5273
7008
1709
6373
9895
7818
6406
58
254
4578
2625
1012
4700
1798
6726
6613
3398
6876
7590
7339
8160
8380
8135
4894
9774
9988
5810
2427
3304
172
1345
8577
3532
9407
4951
9779
3577
1357
9837
3832
2287
2462
1196
6988
612
7922
9953
4010
1151
7543
7701
9311
2275
5836
4205
8401
2177
6367
828
5481
2891
2174
411
2776
7933
1714
2555
1510
9423
2393
1694
1711
1207
2890
5051
8172
813
5004
8534
8316
8899
6236
7627
1174
2072
8184
9575
4249
903
6756
6083
3794
5282
6494
2922
3215
4560
5478
4725
3983
4223
2772
2046
1782
5662
7097
9954
2827
2101
8489
1143
7352
4725
5122
4878
3149
3306
4454
7399
561
7562
9834
708
2844
2680
3630
6059
7240
9108
7136
1223
9683
9908
9622
1466
1923
6719
1420
4750
5173
9909
5894
2525
986
7368
7404
4136
675
8210
7887
1236
5772
4073
1944
4968
6753
1927
1027
3993
1035
4515
1568
719
776
1190
8537
2699
7910
9957
3801
9435
6219
6047
8312
3557
3416
5716
4045
443
278
1932
8031
2402
6005
6328
7370
2758
8255
4749
3103
5642
9265
4672
2713
6393
2214
1250
5444
124
1208
9245
5911
3779
5293
4224
7336
5061
9940
1382
5504
6571
9666
3535
8973
2024
9863
6344
1134
8118
1093
4238
3761
6710
5262
2826
3103
7476
4077
8547
3953
1637
4145
9864
5416
9438
4088
9104
4499
381
6838
3
3304
6505
9890
2277
8529
9754
8621
6015
4224
6067
253
4337
2777
1867
7164
2233
9344
1241
7132
9649
9230
1277
9513
4646
7067
9954
102
1566
6687
6941
7921
9991
9798
4164
8620
4679
3918
3594
694
8142
9661
7300
2480
8790
5519
5996
7375
4863
7237
4508
864
6467
5785
378
7465
2853
6684
3919
771
9723
7212
5045
9714
7010
9209
8334
8041
9479
1928
8736
7621
7941
2388
6453
3084
7907
2449
459
9123
6038
4967
9987
8857
7105
6717
6322
6310
9753
242
7081
9476
7454
8478
5542
817
7687
3877
8858
7166
2157
3946
1140
6451
2686
3945
9535
594
2747
6346
6069
8785
1314
2408
7643
4771
5478
317
1081
5231
559
4514
1060
4366
2993
6602
1535
7032
6831
393
4199
5341
692
1691
1792
3378
5636
7679
324
8383
4025
6393
3521
1691
5154
1164
6462
632
1481
3895
2215
8393
8410
3275
9111
1403
9878
646
8435
6709
7391
8986
8402
8083
7029
194
7814
2666
4225
8138
7401
4603
4532
7274
6294
6038
8438
9109
6670
6272
3004
5237
1017
1414
8513
128
9169
4743
7126
7605
7804
869
2943
6207
8953
9973
2753
3119
8991
6979
1257
2744
7934
2141
19
4228
8179
4809
9689
1201
1081
2694
6439
8450
460
1304
8578
9630
6047
2056
3587
3851
2926
2882
6410
8231
9207
9164
1350
8198
2495
2607
7295
429
1101
7314
1009
9280
8475
699
6834
9557
9745
3273
8007
6557
4577
2938
2539
6976
1346
6126
7179
4272
5361
3590
8855
4568
2754
6557
9119
5249
9165
6414
2030
6618
80
3039
5898
8555
3738
2732
4464
9835
2357
8824
6393
3286
8114
8932
6614
9460
1411
3794
85
6772
7384
5292
7692
6490
1850
6811
8091
7367
9577
121
3985
9657
3160
6235
4565
3251
5320
5381
3086
7677
4205
9479
7316
8671
8412
3930
8132
9823
7724
4569
2947
1460
9861
639
4302
1711
7451
2393
5430
3380
8866
9415
3038
8379
5651
3955
1630
971
9336
4716
5000
9894
4196
2316
8565
8960
6247
3049
5135
323
3970
8082
8136
184
8721
8790
8247
2524
7536
3678
5905
6402
3093
5295
4781
8744
9250
6411
6067
4938
7480
1068
1184
8028
3384
9750
6988
5983
9151
2123
2659
3122
205
7147
3306
5278
5937
1553
7803
3473
1583
3708
6228
4677
5355
7361
9773
4605
125
5841
5895
7605
6909
7080
5633
6645
3182
2621
8981
8685
1096
1640
8159
7653
5139
1465
2931
7428
9371
734
7254
7306
794
3482
1983
6149
843
1757
7106
7320
3950
3002
4925
7211
6434
6910
3856
5968
5883
9189
4653
6979
7181
2813
4632
2320
630
7564
9749
6353
4650
7003
3660
5445
6837
5643
1594
4032
3752
8701
1353
4054
8055
6278
1265
841
3189
1474
6809
9072
663
1462
2404
4197
627
7036
6517
1258
952
2618
3963
5603
5973
7623
1048
2810
9619
2642
6843
9723
7695
8196
3778
2102
826
1395
2943
367
9221
6104
5792
9885
7567
8196
434
4546
1584
6951
5804
2537
5922
9768
8140
1895
3743
5540
1058
3362
4534
4253
9438
8582
8801
3216
684
9627
963
3628
6347
185
9732
2139
6422
3651
6687
6856
4550
8271
159
354
7160
6081
6474
1652
4329
6570
7192
5387
9932
8079
9640
5722
6661
8441
8938
7345
4420
6254
7325
767
6439
3410
9258
2861
3413
5945
9717
7963
569
6228
4670
7729
8662
1144
5734
2991
7714
2926
4730
3999
1005
722
6073
4018
5515
1364
1364
6287
7618
8689
3407
4057
8451
2665
3270
1865
4963
9339
9828
1884
5567
4498
5965
4229
1995
1699
3572
6061
978
8302
6412
8335
5376
2486
2354
7243
3850
70
3531
1468
8759
6938
1877
3563
5955
5147
5428
7270
4486
1608
9154
6405
2459
1472
635
806
3171
4207
3219
501
8862
9632
8837
4238
8470
7543
1482
8672
7613
1365
6492
2724
8303
8369
6287
610
9868
8067
4233
4354
6028
9739
759
8487
1211
7746
5645
735
1954
8864
1236
7168
8496
6425
7758
3318
320
5592
1990
7933
6957
8482
658
1612
3203
3297
8575
3071
7717
2808
7425
3745
2547
4537
8584
3759
8635
4229
846
589
3093
2082
4109
7942
4860
1868
1260
5180
3812
9603
9466
770
8085
6476
8734
1289
9773
7309
4360
7490
117
8138
1235
2665
9027
9819
2776
7662
400
3622
4604
3494
2056
8713
7788
6916
6933
9048
8449
746
8651
7915
7868
3089
4391
6602
730
516
264
1442
8007
381
9580
5594
9398
4959
1766
2174
2622
2166
2148
3578
2012
4205
8643
9800
7473
5577
5201
2274
2675
204
6541
6895
9645
7284
9849
375
7801
113
1818
2160
6847
7750
4106
2597
2710
2224
1124
1684
743
3272
5262
2755
3829
3905
8908
1303
5834
461
3577
4861
7017
119
8108
6663
3755
7958
3390
1556
4423
5208
68
7622
9311
4175
220
2021
6399
1344
57
7142
968
5319
6250
4798
5576
1510
2453
7763
1971
2382
8976
8988
8853
7085
2003
2609
1395
5394
4165
5818
6954
586
9793
6265
4761
13
4638
7512
7709
4695
4655
5029
6366
905
6179
1943
2415
8632
6058
738
1015
5034
6078
6220
2119
8082
8829
3514
3476
9347
5685
6782
9933
5478
3048
1046
1843
7686
8558
5904
8734
3213
933
5100
470
7113
7043
9237
2097
3101
9975
3112
4488
6054
5685
6607
488
4514
6474
316
213
2159
7098
6498
7637
146
7544
5832
4185
6103
1736
2919
5668
2669
8019
6139
6134
1415
1728
8232
868
8056
7696
5356
462
3381
8316
950
4248
4790
1266
4461
6949
8364
960
938
4863
4856
6770
5400
959
8506
8319
2980
1175
2690
5471
3662
4105
7199
1894
1326
5255
9590
6682
5717
2972
4998
3019
3572
9788
4285
8033
3089
9002
5345
4027
3865
202
797
9265
7513
9303
3936
493
6831
6626
5964
493
7084
9516
8739
8410
1123
8329
1444
6841
7653
2795
9860
1225
8935
498
5611
2025
9500
7308
2404
9717
3862
3202
8982
1376
8857
9270
8221
2040
5896
538
8885
9332
6406
7624
7742
7529
5954
5539
722
9959
8334
6935
7537
3621
7433
3148
5646
3285
6808
8051
3002
671
7605
8336
8399
2814
7606
2972
4855
9854
3510
3740
9187
9916
7717
3281
3798
23
8820
4520
9982
3506
1455
7519
7128
8888
7019
9126
8525
3828
3529
1527
851
1134
6215
9250
301
3821
2222
5156
28
2085
5248
9215
8353
9317
2496
2151
9340
7669
6672
9323
1175
4479
3194
4655
3368
214
3782
8245
394
7311
9773
1245
4798
5988
6847
5099
6162
5421
6607
6190
7506
8207
5405
2212
7525
4253
4363
6865
1922
7387
2540
9450
1867
5735
4105
1587
5949
7887
9832
2695
1551
9605
3940
2701
1946
787
4152
8108
6208
7111
650
67
5318
6055
2279
9195
6660
6642
2413
4935
4030
1305
737
2249
7040
4842
3836
9341
9082
3668
2036
6985
3274
5976
9686
1572
3115
3838
9680
5676
949
330
5743
2619
2737
4374
8167
5749
1016
6932
7036
1398
8237
7773
3647
5278
2616
7483
971
8050
7504
3008
5035
778
5336
1073
2350
8452
1263
8382
480
8564
5064
6223
7535
4153
597
5702
9902
7965
8986
6939
5716
7224
4712
5715
8854
3680
9551
6177
8082
7055
9185
9469
4185
4522
542
2887
9326
8157
1269
9806
6721
2685
2381
4257
6838
9330
6311
3092
7295
5298
31
9363
8874
1096
5079
4080
1128
4630
257
5563
1685
5795
5032
5870
6669
1927
5109
5995
84
6378
2153
6806
9063
886
1063
2253
216
3726
5345
3863
9024
1729
3227
4250
2825
4658
8330
305
5640
8588
5868
7325
4383
7253
9547
7404
9180
4656
3399
5616
7386
1904
8774
2801
2790
6189
1406
9358
9916
6751
3221
8940
8480
2800
3191
7657
7458
7873
7963
3098
6461
183
6775
7196
3788
2674
4600
2968
3682
4351
4937
7420
2607
3711
6573
5397
9901
7979
4755
9817
4731
4329
5109
9563
7129
8300
7221
940
2526
1536
390
5339
8071
3518
2536
1860
2544
3488
1180
2579
4192
6117
9999
6799
6181
6573
8549
6082
904
3304
5899
5635
3985
7360
1551
1115
2013
5124
8407
4539
3012
8797
9878
1083
8667
8766
9295
1212
8607
476
3791
2799
2945
142
5950
9126
3067
4499
5208
3972
4156
7459
5959
8141
4820
7510
5608
6833
8986
4015
7724
1998
9165
7602
3082
7832
6369
2377
9044
4976
9205
9187
4127
2151
9330
77
7629
8749
929
9190
2721
1437
6649
5033
9578
7821
8895
1539
1006
7882
5554
8730
9880
1071
2685
9314
8904
9054
8044
4300
382
3601
3488
861
2104
9170
7290
9734
4271
8219
8924
6993
9656
1925
8378
5587
9747
7273
3478
7105
1507
5384
5836
7740
6456
8521
3406
5360
3927
1450
6012
4309
5052
5852
5170
7156
5022
2460
3242
9294
7032
2166
2639
3040
4092
7369
4979
191
994
8457
7296
2502
3842
9484
6594
298
4357
0
2010
8284
7803
8022
8945
2855
3875
467
6363
5249
9280
5958
895
6312
4476
9886
5704
4920
7255
684
5111
8250
5493
8760
7104
9335
4596
3698
5985
8954
50
7995
7238
7853
2370
2536
7060
2597
3003
3424
7846
2283
5734
5094
4947
210
4980
7004
5131
2236
7688
6594
6838
3181
5354
3942
8869
9951
3992
4854
5257
4042
9202
2495
1896
7924
1383
8956
521
4387
8732
4719
3022
818
9813
4322
1029
4794
1326
2512
3382
9014
9106
6572
8547
813
6866
3768
7116
858
8623
2373
1252
4177
1220
9500
2101
2604
4809
2622
6991
9893
7341
6365
712
3507
687
1741
8301
2013
4253
8035
7379
9711
4607
5927
524
1473
9695
7640
8683
4670
6365
9935
5199
7586
5788
3652
190
597
6274
3533
490
9968
6250
1202
3475
6938
9295
8128
8951
9900
6163
6331
9612
7122
8610
6488
8595
4657
481
3630
5680
6846
9917
7231
784
5705
884
974
6302
7158
859
6793
3478
7110
4347
6953
400
3643
1433
9351
9895
3948
2034
9507
1070
6996
2348
6017
1654
2829
9647
3686
6027
9565
917
6812
5270
1801
4138
7925
5312
1350
1070
8790
8460
5417
2096
8860
5412
3529
4563
1660
7478
6598
7519
4900
9946
9867
918
1600
9048
565
1638
5076
6482
2556
1888
1753
4357
2378
6030
9669
3728
7100
4812
8540
8869
3260
7400
634
6789
8316
2294
619
1266
9813
5520
1212
6033
2790
9165
5081
3355
803
157
6190
3359
8397
4295
4069
7128
325
90
856
3777
4902
9397
2646
8162
3149
9632
1304
1465
1926
8275
2731
8092
147
296
477
2937
9461
5558
2645
264
2068
8835
9976
6817
3130
397
3945
9807
487
4802
3584
1742
551
6230
6256
3700
5863
3912
5166
4141
2188
4249
8585
8687
4545
9062
1625
358
973
622
6975
3041
9457
6951
6210
8939
7348
156
8746
4187
1310
2330
5929
1861
4912
2186
5561
7127
6098
7079
7621
4638
1329
6206
3326
2226
1621
1303
2585
2594
1925
9560
5635
7734
2863
1845
3025
6563
8353
1771
750
9663
453
3032
1524
1717
5218
7086
5197
7668
4165
2818
8659
1846
9024
1985
425
645
9640
3010
3239
1565
8922
5226
5651
1785
3424
8676
4700
1777
6799
5450
1441
3604
8482
2965
5321
52
6403
518
4073
6921
9688
2732
5119
5065
1069
5544
5710
709
8554
5302
8626
3828
6880
4277
5613
304
9305
6665
2082
2456
2116
9875
6060
598
2840
7733
7003
5596
4604
1076
2517
4292
160
7636
9357
1229
9533
1420
8290
8087
3074
6916
8268
9954
7545
233
6611
3202
6899
8693
5658
9015
8568
8070
5965
7760
2155
2968
3356
6759
396
2225
7404
556
6214
3113
8137
5747
4533
6427
186
3959
9695
8454
3914
7240
8688
525
6794
5587
5570
8804
954
490
6874
6919
8250
9030
6240
7959
2141
2988
6536
9545
3545
2750
2659
8034
4849
3544
4462
1388
7504
4157
6194
7770
7750
4882
4647
4544
6821
217
3349
7775
707
6575
1047
5309
1957
3639
9620
4099
6627
6157
9996
6524
5259
9007
4559
6461
2552
9021
7849
6408
9530
4043
4178
7280
5278
8825
8177
2099
5394
7878
6227
2453
805
3626
7762
2763
7265
3735
6862
3892
9892
3210
417
5151
2218
4976
7964
1122
3997
5813
7530
9879
6209
8060
3512
1487
6885
1689
9938
8631
5919
6165
1084
6724
9791
5198
9487
7056
8933
2701
7301
5177
2264
7718
6681
4482
9046
4645
5604
9395
6811
3134
9274
3020
7546
2786
4507
4431
827
797
9414
6746
6963
6850
9823
3106
2048
9310
6515
7334
8364
168
8863
628
7886
5544
1462
6932
6542
7066
6327
3353
6552
5601
6373
4098
4740
7232
4881
5567
8029
647
2314
1344
7497
2137
4451
9545
7799
7318
3231
2515
7486
2095
9495
1724
3991
957
5008
533
4375
1335
3886
7279
3288
259
7729
8028
3843
8962
9948
1873
9609
2262
3217
7106
751
4020
3004
4902
7690
2587
3770
1528
4682
3265
3252
8674
575
8260
9207
1302
5947
9446
8582
9236
6057
2663
3616
9901
1626
3564
1774
1235
2178
1343
4694
2929
1716
4050
4184
9406
6637
7954
935
7672
7571
539
2698
8146
8800
8257
9449
4747
7703
4383
335
3761
7046
304
3662
8672
3868
1788
6260
6047
3131
7306
5328
4847
1356
5864
606
4345
3818
1541
2017
1390
2080
4715
5888
7232
2973
1689
8332
676
6072
5019
789
3119
5323
4451
8143
9192
6239
755
1591
5723
8061
3271
570
5769
9136
1176
115
9306
9069
2132
7048
7502
3200
2937
1086
6173
4626
9418
3201
7051
4438
3991
6522
9761
4794
4665
5305
1034
5421
3248
6757
9834
6520
3679
5604
2008
4856
5719
1314
277
4203
4715
7779
7403
7652
8866
3576
8630
4636
3130
5681
5426
7121
8555
1540
1915
3221
3197
9301
4994
6446
2410
4828
9318
6090
432
1326
7298
2503
8992
3927
6707
3707
1707
4110
7711
6925
4039
6342
7913
7169
8375
3340
642
6931
4880
2557
6504
8077
8211
1498
875
621
2678
193
3063
9463
7871
6713
8318
6864
641
5025
6923
2348
5488
4635
5625
9527
7329
9890
6696
2056
3230
7338
5339
4462
6247
8195
8892
810
6045
6119
1432
8724
6313
847
4539
536
7561
2857
7400
8202
7883
676
6902
3371
5311
8879
9250
8992
8769
2298
7400
2000
5988
2740
2814
2235
935
8058
9398
6981
4178
830
2057
6843
8029
6596
7379
5590
9453
1132
3792
3688
1808
694
3411
3471
9573
2661
2463
4695
1311
6215
3047
7299
8955
5861
5887
6243
272
5285
9576
802
2467
1633
7645
496
4581
5024
2439
4034
2508
6231
4075
4316
3278
7486
7787
9203
6500
6602
3898
7811
2818
3297
5111
8125
9159
7350
720
5783
2635
296
6585
1454
1929
4230
8302
6510
5606
741
6897
8115
3325
972
8783
6603
4810
6571
2158
1310
9525
2409
9122
8695
5706
585
3173
1217
4287
3893
7000
6922
4190
9937
4728
2471
4167
3030
5334
6126
3772
2231
593
7097
9555
9376
52
4365
5947
2210
2028
1825
971
1150
6872
3030
8087
45
4247
2374
3939
7600
5648
4481
7537
376
6952
8057
3406
8638
535
3530
7221
1128
627
6776
504
679
7494
2804
9242
9522
4629
6565
7024
1501
9595
1463
1547
195
3837
1838
7795
5837
6319
1684
2565
9623
6093
5971
8262
6628
5854
5483
7756
6481
8612
8261
3513
6106
1065
9107
1980
2046
2024
9004
3547
1620
467
1446
1815
656
9636
5962
6493
5955
3998
9058
1931
92
1381
193
6720
7235
2028
829
69
640
9090
9934
3098
6507
5393
5078
4905
7417
4082
4804
5389
901
6251
3556
1557
2239
9518
4402
8195
9869
9812
126
9961
7546
6671
3033
1133
8699
3862
7554
9340
9304
7488
2438
2163
9233
3869
7068
6651
7951
1873
8392
5205
4476
1949
3114
6715
7819
7517
1262
7688
3681
7740
7649
7579
4411
7035
8713
9463
897
6267
8803
202
108
7593
2365
5693
1462
9434
8696
5766
7659
7089
971
2135
9038
4085
8850
3209
7954
113
898
7988
4205
4899
5567
8617
1934
632
8080
9184
3252
3235
9386
3360
7180
8103
5405
8643
3889
4102
761
1548
1191
8084
3683
6581
8521
8886
6142
2828
5351
3392
816
9556
4644
2735
8173
6578
3368
2605
2114
6620
5840
7852
6332
9373
5956
1737
8016
9845
5839
5129
7746
3382
3213
1429
6315
1734
315
2458
4562
2018
5850
1730
1575
494
4466
6100
3425
4186
8706
5539
806
898
3392
3490
271
9348
5227
4639
5545
7419
9768
3291
801
9333
1073
7117
7420
7740
9575
8334
9759
1777
65
1334
2272
883
7434
5697
5069
2492
1236
2227
3391
980
5717
3662
6680
7296
8302
2226
4715
4422
1869
1869
108
2942
8986
7528
7035
4913
5862
6794
6690
5927
4480
8962
3162
8266
1011
8231
759
8600
6810
4150
9580
2527
4164
6261
9824
8818
4839
891
3241
3060
2760
3349
6003
8098
877
9390
3011
3091
2536
6054
5371
7016
1368
8533
5282
2380
3117
6041
7332
9927
191
6912
8807
4356
9525
4983
3174
4364
5874
2767
7425
4987
2468
9780
3085
9697
5522
2449
2789
8058
8503
8160
5074
6223
3045
356
4955
6162
2750
2287
2442
9293
5552
7601
1
5077
2584
9528
5794
4810
2295
9571
6149
1116
5703
9235
813
1225
1684
3602
9283
6539
8114
709
9114
1160
7417
4070
3674
167
2709
6116
9461
8261
3717
9462
9691
2653
8990
5485
3816
7638
1408
9965
8754
7111
5552
9567
8336
7236
9522
3971
127
3988
4680
9242
5148
2097
9664
5175
8617
2373
1291
4430
635
1361
3892
326
366
9235
2163
534
3225
3571
500
1979
682
6052
7898
5370
9641
3772
9341
9768
7761
373
5362
9261
8822
5026
4436
7439
7400
2080
1869
4387
9793
2114
4713
159
7701
3228
694
926
6799
7546
9257
7481
3598
3507
2851
9591
7280
8544
5712
1393
5269
1074
654
4091
2453
1443
7883
6205
3523
9752
6944
3316
8218
1657
9827
5919
1237
6873
3197
8036
4419
2454
5517
4370
2314
4720
3961
9594
9616
9673
7339
4885
7100
4345
8976
5905
5788
3211
8462
9311
2964
5406
8979
7534
3415
8807
3454
4652
5680
6651
2688
6452
5458
4557
822
7772
9277
4783
3718
8893
809
1057
130
4261
5402
5458
166
7543
8670
4980
6854
7986
386
2186
5520
3801
993
5326
8453
3025
8330
7493
9477
140
2050
6651
7912
1327
7787
7982
6572
8596
5391
6702
9209
7145
8512
5727
4688
7182
707
7895
1520
1093
81
7041
1246
7426
8719
9699
6803
7049
7192
6281
7189
9242
2932
1453
6921
719
9435
9845
5667
1178
6547
4876
8324
1411
6955
3012
8594
7662
907
114
5107
7340
3507
6353
4766
2227
6052
1570
5628
9596
4203
9170
5190
3487
623
2111
559
6411
1956
6226
7589
4855
7455
5913
6267
762
5278
1213
8425
6185
7679
3532
3526
7539
9886
4644
9766
2290
2566
1746
1887
6769
916
3429
257
7892
5541
816
655
3849
3394
8244
5057
7201
510
7676
7964
5788
5241
6389
8325
2920
6273
8203
6811
6159
2848
2929
4802
5414
4676
6689
8536
5592
118
8793
9836
2011
5961
491
2213
9355
8736
7270
2909
5598
1298
873
1386
6539
3614
6063
5811
9887
4267
2623
2399
3467
5552
7201
8881
228
242
7417
2173
6712
2562
8361
5076
8523
8853
7289
4231
3941
4559
3492
9539
2209
4365
7277
8748
4331
3340
4559
4218
3959
3534
2969
7426
9087
6522
2660
5667
6764
6429
7840
9829
8992
6202
4905
3867
1407
2194
4450
5348
3105
7942
1239
5314
8659
8516
414
2990
8208
4973
7209
8520
8508
6530
5946
3947
3053
8606
9614
6169
5036
3807
5998
380
6361
7255
599
7768
9449
5050
3116
8906
9344
707
4220
8004
9223
4634
994
3783
5960
4555
2303
820
1086
4602
4767
491
3208
733
3012
4596
4540
9011
1328
901
6266
1928
5021
2068
3330
4489
974
2674
5196
1547
678
771
2533
1673
4555
8493
2580
3210
5665
3666
7812
6784
509
7373
7518
3522
8321
8410
8885
9650
5664
1503
1578
685
3571
4908
5175
898
3934
371
2445
4613
7495
4978
2638
8402
9824
5218
1612
5489
8885
5777
8626
5746
9502
6144
9268
7823
906
4505
7473
6570
6009
5403
3608
5932
6663
8783
6830
598
5506
5627
5211
9353
6958
7849
7755
3134
3067
9368
4975
8304
1497
3601
4051
999
6097
9671
8822
7004
4177
2648
9926
6538
8051
3534
2470
4715
8669
5653
5313
528
1280
6876
9881
4590
4725
7637
7724
4144
3357
9052
8801
4854
2653
9204
2205
8751
8875
7379
2107
9404
27
8385
5942
8079
1920
4765
9146
6941
418
811
7469
1698
7687
3703
2641
8764
1340
6717
2908
1049
5769
1709
2255
8423
7265
4460
3526
2493
8191
1985
1897
8219
370
4192
2650
8642
8957
1796
5584
9375
8959
9405
7425
6646
3108
6418
5410
800
3136
4670
8201
8905
2732
456
3680
9997
1268
7206
2490
9460
5543
740
7679
5914
4932
6681
4556
241
4829
6492
5968
3788
5898
3393
434
5358
9812
2196
2511
2948
6866
712
8205
9598
1169
1886
5948
8789
5444
8438
8249
988
5530
2280
3254
6814
8961
4162
7055
3790
655
9375
7578
2905
2769
4364
4615
8933
6560
7126
8233
3427
7839
6438
9377
5360
4676
5325
4149
121
116
2399
1109
1998
1031
715
8813
9993
4877
2220
3783
5532
1596
7714
4789
717
2078
9405
9650
4991
2883
4235
4770
722
7025
4147
2434
8054
5825
6584
8175
2293
5335
5636
4291
6366
6351
3104
2711
1228
1677
2847
3113
3273
561
4254
3990
8991
3659
9992
3982
6543
579
8752
3617
3956
9252
6052
2010
5077
8988
185
7370
675
2173
8013
3393
8524
1118
6105
6105
9147
8952
5570
2420
5865
9824
2762
1208
9836
9106
5191
2731
9685
295
6348
3641
5899
8752
2004
976
4092
2189
4698
4767
715
9064
8161
9239
6534
618
1696
5681
9570
7266
8101
1787
3443
7215
2995
3279
6321
4538
6010
2358
1186
8710
2351
7085
3815
4355
4414
7907
6545
5464
9027
7260
4528
7188
2851
1062
4158
900
6743
3728
8166
1196
1867
1609
8411
4862
1240
4732
9401
7250
3442
6939
2313
5794
4024
6128
149
4790
387
3046
255
9414
6658
1135
2954
9510
2198
7112
410
5293
7192
4928
6490
9059
2890
4901
274
4130
5986
6027
7733
5780
2966
6398
1574
3342
8878
1724
8133
9265
4770
4740
5032
7781
5875
4338
7291
8073
7803
4053
3367
4995
5333
6209
407
4575
7462
681
5058
9800
6708
2791
5581
6026
5541
7155
9368
4419
5231
3853
3684
6354
8593
5068
4135
4469
9407
1426
2542
7210
1831
2261
8557
3516
8470
5316
8092
5933
2349
3150
2085
9057
2293
7666
1435
7834
4822
7156
2253
53
1009
2289
2759
9603
7358
6894
4072
3117
4672
2966
6679
6503
5228
1588
6372
50
6905
4464
2335
9254
7614
4421
4664
6259
2087
6099
4093
3261
3255
2698
9667
617
4987
2426
220
8697
5673
4292
8166
345
3610
4845
3201
5190
6434
9573
1593
3339
4037
3928
8945
8003
4701
3609
4262
3141
6061
4707
2754
5668
7405
2421
6285
2392
1200
6505
7442
6873
7149
5608
3570
760
6806
6771
2302
3240
6344
3895
2931
381
7824
8228
4736
8877
1838
8998
2018
4251
3705
1125
9919
7462
9898
6205
6207
1098
9062
3649
4323
2564
5609
7894
3324
2415
1017
5626
2007
7362
9522
1290
4095
3698
9519
8832
8927
7709
4182
946
1960
4240
2071
8231
1702
8321
788
7909
9420
9851
7910
95
2415
3520
4341
2091
2287
5359
4069
4295
2721
9943
1937
3168
9993
1456
8352
8921
5517
8887
6219
7477
3127
4642
2061
1181
2963
2849
5443
2383
2700
9705
8831
1467
3225
9524
3558
1865
4883
3980
2512
3956
3923
4449
3477
3917
2258
1829
2838
7775
716
9057
1605
195
3699
3666
1377
3014
6515
3172
5398
5568
2877
581
3387
2455
105
3298
4320
1341
7278
6832
1649
1201
7633
5126
1470
6243
6956
660
4019
7672
6069
1976
7868
6120
1994
5597
9135
8509
8769
885
429
1646
1466
3817
4101
7923
7115
4773
9264
745
7957
7266
8298
5591
2392
9769
8186
9348
6781
2205
3373
2851
533
7593
8971
2527
3190
8106
7389
8311
8991
7818
6309
6809
7987
6763
1085
1454
7888
6701
2199
5846
3967
498
7789
6360
6619
5975
5708
3400
4533
5433
6251
5066
3026
1575
7594
2568
9681
1335
7231
5025
9153
3541
8186
3493
6656
9271
4947
4544
5973
3499
390
6292
3997
4531
2652
616
507
4713
4016
5040
146
6620
6458
9525
8195
404
2093
4228
1739
5677
9253
7245
5570
3792
738
2226
3063
2037
3122
5388
5536
9865
1681
5885
4396
685
6501
1255
5398
6870
2647
1897
9842
9106
1422
8037
9510
9867
8617
7602
5544
7871
4847
1114
8015
1937
9692
1078
3974
2815
2819
5863
2680
852
1748
3428
1537
4602
4684
3288
7824
7331
5185
7666
6437
2959
2055
2300
2826
672
9902
4723
4895
1101
2189
2910
3038
1882
341
3364
1049
9512
9227
81
364
976
3509
8253
1930
8193
7893
9754
1877
9430
3772
4666
2389
2179
3318
1568
2851
9572
2643
4099
673
4832
3361
3711
3066
54
3428
4115
9566
2655
548
6282
9983
4058
888
1913
8603
8781
8019
6832
8212
1791
1499
6953
3970
4817
8521
3174
4390
1164
3625
1415
2349
6986
1479
5415
7041
4907
5883
2959
7562
6431
9242
7546
6841
6482
5811
5445
5263
3831
2277
9827
5622
128
6781
5945
1298
1654
5471
2040
2819
9096
3455
5168
6082
4934
6935
9475
6193
2818
2435
3756
5602
8029
7654
2443
4511
3465
7888
6126
3648
6518
2306
5623
2998
5439
1568
4296
7093
7039
6336
6264
2487
9792
7784
8569
1078
4720
4397
7272
3890
3184
7380
9492
1213
5034
1936
2076
4851
6176
4554
8500
9046
3212
4123
2045
8651
2043
6341
2097
5434
9030
8361
7921
5174
6146
2842
6252
866
7239
9876
1108
423
7256
601
7988
8642
2537
6416
9846
5065
7323
4698
4112
535
8821
6157
5539
7216
8850
7636
2650
7880
2349
6923
3054
8495
9765
5659
5713
3357
5535
3174
3780
9144
3775
8121
7786
2664
889
3984
7729
8212
8682
1841
5100
3855
4350
6991
1071
3201
979
73
1081
3328
6996
488
8176
6762
6147
241
119
8034
3415
251
7178
3542
4724
1317
6206
5614
5301
3936
178
3984
5777
1630
7839
128
4973
5263
9681
5952
5336
7114
5633
2333
7602
161
5447
101
402
1918
8136
170
8521
5314
3712
3246
6631
9919
5212
1933
3855
1742
5917
5984
3373
108
2464
4698
5371
2145
651
7060
5612
2636
9393
3214
2797
1192
9668
9551
9462
7804
6073
7983
3118
9786
7581
6102
6057
2793
4387
6264
888
6656
8600
613
6764
1065
5311
8488
9562
5962
5548
5174
4950
1293
4741
7747
2485
4409
3651
8299
2213
9724
6282
1683
5862
216
4137
1919
3009
8524
4535
249
5180
9488
862
8297
553
6174
6785
6467
8488
2333
7994
3439
3626
2735
7538
2463
7144
1189
762
5709
914
3396
3744
6776
3612
7882
5048
2974
2758
5935
3223
7939
5423
4086
6236
2328
260
9373
8796
5100
1706
3142
8539
1684
5877
6078
4147
9373
7267
4909
1434
8181
8305
5178
1310
8270
3060
6358
1244
5819
8645
4467
110
4069
8553
2698
6397
5165
2071
1545
266
129
4687
5157
1813
6916
7587
2312
6289
4855
7221
7723
9388
1878
2902
7050
148
2314
9760
1392
4485
8406
2212
947
2475
7117
9997
5224
8635
8420
6770
5253
8549
7809
410
6714
4726
7998
9026
1015
9205
2599
5091
4945
4478
4345
1996
978
3011
1756
8723
3849
162
935
4796
8989
8052
1146
4214
6687
9566
7336
1940
8116
5145
8703
1182
6223
3053
209
3591
2258
2808
8682
7203
3638
9379
5551
969
2390
7308
9692
2591
3822
627
3740
9164
5031
4886
3378
8071
4452
7066
6363
8920
2211
5066
103
4787
8119
6664
8378
6729
9472
3412
285
9463
2791
5836
432
1533
9496
6476
4125
9671
7103
7865
8835
8486
2751
2213
2909
3555
5631
9273
2476
7842
691
2579
2629
5163
9243
7359
8244
5067
771
8529
882
3562
718
1314
5096
214
4142
5573
9885
7597
9790
5072
6084
8893
7285
8993
2448
9268
4618
4924
7111
1662
3855
6092
6825
9450
9804
5069
870
575
3599
1752
4138
669
9419
5586
883
3561
7511
7121
1159
7301
2193
3595
6194
5831
8940
4994
5099
3559
9919
8562
5221
126
1007
8398
5929
811
3467
6799
7738
3418
8551
1876
4087
4322
3814
1323
4236
7677
4796
5395
4978
3341
5342
7524
5524
4282
2519
624
4193
8790
5538
5766
8916
2897
4164
4845
60
3984
7996
7799
7402
6548
6027
7842
7222
9842
5517
1458
7519
313
3205
8850
3654
8547
6374
5531
2830
5245
6155
7023
4035
8045
9142
9304
7295
3306
501
7355
7290
8498
5154
1045
1398
1182
5239
8620
7376
756
6431
1247
7421
9636
6449
7427
4536
9176
2958
7366
4421
5465
741
8457
9863
9883
4113
7158
9542
4614
4513
3184
3112
6020
4229
862
7202
9468
9483
930
6576
2266
8529
3997
1902
4979
7777
6438
4155
735
156
8576
6201
7250
3385
6064
3485
7498
3222
3027
8465
4087
6212
7929
107
6793
8792
3661
2614
4627
943
9190
6893
9473
9540
5147
4452
3669
1586
8607
4404
8094
7183
6957
1696
6921
3021
5182
771
2595
4561
9236
3035
7125
7166
9494
3919
2310
3156
6533
6937
451
2075
3830
9924
7967
8977
4376
1636
6915
9335
2393
1362
2871
9350
3058
9792
8724
4592
563
7671
9154
6152
706
6279
9670
201
6550
1980
9709
9435
5269
160
1511
9099
6437
5830
4428
813
3819
1344
149
6212
9058
3020
5562
2116
9164
638
6709
6079
8310
2215
2231
5368
8494
8253
5569
1397
233
1630
832
5502
8143
8695
953
4580
4526
5382
5393
8345
3078
1894
909
2136
1266
2823
604
430
3462
3665
6510
8124
5880
5093
3492
727
3347
9062
2124
9932
7044
2956
1787
5187
1652
9092
6119
6178
4474
1513
875
3904
9759
8136
2392
1026
959
2997
7808
773
6662
670
8897
8895
5764
2390
9622
5463
7804
1746
5395
1200
4702
7182
6388
6354
2627
2507
8884
3453
372
6111
7358
6484
599
6102
3862
1559
5451
1670
8684
8466
2341
7582
7361
4457
9972
6983
9920
4128
8729
1667
5328
9783
5202
8068
6138
7829
6928
1374
1282
7300
3838
4992
136
4437
1095
3998
5996
6546
2021
1033
5012
4362
8615
2373
5171
4939
5708
1443
5419
4437
3110
747
4221
8312
8816
6711
2493
5744
4437
3776
9396
8275
8768
5885
2713
9863
9883
5061
2762
1904
6094
4126
2618
1061
2852
7789
6000
8560
5584
1419
9350
8695
8519
9923
3359
3687
6634
5853
5783
1071
9629
5179
5699
4749
7416
8412
965
7300
3473
3727
9204
5920
4205
8175
6981
7057
2316
2982
5618
7901
753
1320
2948
9272
1243
6307
2959
7877
2160
8742
5300
8141
274
999
2891
7690
5763
208
1342
5589
3935
6899
1509
4492
5074
8490
1550
3742
7824
3520
1643
8578
4840
4591
4202
6083
7251
3514
312
5763
8608
1964
257
8882
9316
9500
2925
5079
9708
619
668
9995
7518
2177
4487
8944
7020
6037
2687
4844
9557
682
9774
4397
1626
3977
6832
8877
7491
7144
992
6099
9109
1249
1334
8425
749
611
9856
457
1230
525
452
8749
9054
4940
4045
6074
7329
6732
919
3239
3767
693
3988
5393
1022
821
622
8513
4317
1614
965
3426
2864
2299
8203
3613
2910
8060
423
4140
8585
7227
9241
3991
2167
9639
66
5849
6371
7337
9088
6490
8030
9428
1883
5405
249
2505
3918
4567
472
4883
4345
3336
3534
8901
3301
6444
6961
3724
6937
1898
952
2530
5889
9471
2169
2307
1672
4893
9644
7112
1383
4027
6541
9619
9432
3142
8476
3350
4061
8948
4586
8407
2284
4472
7308
1938
917
621
2014
4206
2519
9318
3088
4760
5142
1610
7068
6814
2855
6712
3927
590
739
6820
209
6523
9962
5038
6226
4024
3986
812
8783
2623
5284
2443
4561
2553
3064
6575
3111
5583
2246
2552
6695
7388
514
3763
4202
3369
6828
4481
311
3919
1301
6873
443
7616
1911
6669
1640
5897
3833
6775
8520
9117
9218
9433
8023
2282
2361
7486
4217
4607
6390
912
1995
6904
1028
2549
6625
7856
7031
6937
1775
4684
3810
2218
2300
2073
5239
292
7970
9072
7067
2843
4542
6285
8628
8917
8567
989
6403
2784
1948
2794
49
3943
6050
1077
2845
2676
8933
9876
9613
7060
912
9775
5631
3213
1848
870
3505
6170
6295
6925
5365
7189
3210
346
6106
1778
1335
8861
914
9636
8007
7315
3579
4058
8392
2776
6734
3677
2652
2699
7090
3565
8826
2721
3130
674
9943
2987
3196
6238
9912
4914
9779
3123
5260
5885
1253
2947
4747
8519
2583
2754
5835
2515
3164
579
5291
9898
4257
4296
8949
1347
4213
7775
420
7343
8449
363
330
7998
2954
6595
9264
2733
6070
876
4971
7323
3823
6070
2194
2759
8824
8029
5274
8341
4961
6917
8239
9218
1213
7189
6917
5426
4964
3689
9121
9766
4052
5804
4116
3358
2399
9732
2444
8469
608
3767
2144
4431
9837
4338
7190
5013
8720
8816
3354
3681
5734
1594
9251
6947
5135
2520
8726
6451
6209
7847
2569
6613
3651
6685
9972
6050
6417
8768
871
3377
2535
3015
7809
2372
3706
1351
7385
2426
6520
7092
2459
2254
8686
1710
5553
173
582
4279
6624
6791
2127
5546
3404
2130
8583
9728
4533
1353
8496
5404
4730
7383
4772
8891
6107
4830
243
9845
3608
3115
6937
6067
5369
1975
4129
7274
2148
4711
1554
5124
1502
33
670
4906
8515
5606
987
3048
6959
9483
4805
1689
3219
5929
581
9326
759
7176
9171
4367
291
6108
434
2012
8083
915
9286
6583
5626
7192
1708
3480
3577
8730
4738
2093
4336
5725
1493
7647
1561
6298
9337
4780
2227
6270
4106
2986
9798
3278
7353
89
5738
4139
8453
3822
5054
4091
6757
7032
7636
4817
512
1213
3548
1603
9658
4236
7328
1152
1884
8889
3802
7573
3669
6030
195
7776
5368
9993
7406
2722
6434
3144
3213
4887
3318
8268
5330
6428
1652
2966
1245
2165
532
1145
3768
6542
5382
7448
7694
3618
6338
1497
7543
6359
3879
7738
487
9247
7731
4245
8321
4165
3742
1535
5404
7060
6155
7086
3488
7807
53
1086
6324
6937
2231
6444
3479
3965
3893
7526
7583
6583
5375
1478
9294
9254
9216
9782
4853
3299
4027
3175
3816
7769
4710
9220
1182
7217
6307
1022
5024
2712
2108
7701
6001
4340
497
5832
8305
742
9710
2241
7325
5085
71
2972
691
9288
2754
5545
8939
3133
8720
2756
7255
9782
8328
8437
6999
987
5811
8375
51
4272
2428
6052
4964
2926
8237
9621
3668
7947
1862
7346
3033
1934
318
76
7574
3072
5621
2865
2557
693
5621
9812
475
3950
8249
3826
1289
413
8554
1341
4685
982
7393
9649
3908
5630
9270
3929
9930
7485
1275
2963
5771
1593
9391
9697
1017
5013
2562
3574
5706
8184
3387
2534
8486
7988
6360
9775
4753
4914
7468
9438
2249
4862
9087
6157
6844
4710
6438
3126
2195
7713
2441
4318
5658
1833
4015
6675
6846
6577
6602
8904
1113
6341
1438
9599
681
4151
5727
5435
9065
3195
4873
1314
4409
313
3824
7606
1375
262
732
3570
4328
3174
7888
9986
5007
8255
3014
8205
4832
9616
7109
5946
2309
4900
1897
9342
9051
7624
4777
4468
7172
6003
2135
7933
2668
2311
5539
4043
8925
2624
3965
3253
5798
8205
3240
7157
6460
2606
1714
7644
8574
5175
3590
883
75
1840
225
5478
5816
1355
9947
2988
7358
8434
922
6378
745
2813
421
9670
5437
738
2924
7587
5295
2516
1096
1755
1474
2810
5751
48
4338
5694
7283
765
7534
7508
6244
3350
5215
2543
6339
2573
977
3613
5303
1722
6426
2076
7744
1864
2814
7020
9451
4461
5888
6900
2568
7362
9710
8320
7410
400
4014
4693
1166
1548
8554
7410
4898
3769
9953
7589
2695
930
1202
7998
9004
7629
75
6748
5845
9241
121
1648
3703
6009
8548
6271
3372
4611
943
7134
5011
4957
8180
6177
6505
6734
3587
7756
6855
9892
5345
9550
7174
6548
3901
6178
529
328
9279
6374
9569
5752
8022
9624
1761
2923
2248
1485
7534
3191
4972
2545
8149
3152
5075
1006
6238
5014
8762
3093
4907
4108
8996
2081
7008
2897
4612
7537
3225
243
263
9146
2347
4637
5123
4108
7560
3723
1946
1446
6914
6918
344
1415
6422
5419
8774
2660
433
7536
2105
1692
7996
1101
126
1356
350
4738
5245
9927
1333
5508
5426
3680
6498
549
4140
410
4272
2438
1857
7538
9356
8553
5306
5778
3972
4080
4790
757
7968
6896
8802
5965
4349
8928
3673
4700
18
8919
4627
1351
779
53
1383
7277
6954
1875
7688
7578
4314
5897
1469
22
4450
6775
2153
4774
855
6943
1883
8823
191
685
1140
4541
9613
1166
5593
9631
85
220
7334
864
6626
5069
4494
3580
6945
8534
1159
1259
4431
2628
7633
5233
5755
9786
7
6610
6730
8242
1785
3273
8928
9278
7814
8541
444
3407
4525
6881
9980
1859
7745
6606
3281
8591
186
226
7125
7697
7837
1556
6677
5470
3141
2432
5257
9500
5394
8339
7743
3532
1612
6671
9162
5779
5212
5958
9186
6089
2839
5518
7949
6936
2124
7582
5528
8663
7808
2653
2712
1997
562
9390
3819
55
8174
9076
9556
9921
3767
7299
9805
5380
3970
8967
1159
5534
1277
6697
1624
4116
2216
5925
7404
692
3507
2932
5707
7667
1938
8420
6016
8852
4162
9835
8907
2336
8912
8463
8609
2679
2114
8414
4411
6084
3733
1922
7971
5010
4972
5947
5478
3540
8224
2883
4232
8083
5815
9940
5750
4105
4712
1766
2957
8874
7953
8217
7562
6865
6680
6172
5897
5147
938
6660
1231
4672
8583
5554
9682
9907
1501
5161
3447
6077
8044
4031
4160
211
323
6262
669
5035
4380
3626
3909
2334
8195
7824
5551
1228
3996
7800
6375
1286
4461
7606
5958
9396
9513
1993
9303
7366
7154
2750
3444
1550
3133
7604
8113
3457
219
8782
8492
4599
8761
8754
6933
6956
2930
8837
8184
6926
6637
4559
8212
1098
8518
523
494
8031
2516
6149
5397
6022
5251
5193
7572
8385
9150
2037
1842
9369
820
6686
3968
9581
1792
7254
2889
4722
6091
1074
8000
2728
5633
2565
3827
503
3088
673
8534
5604
3175
284
7978
8426
5477
1902
3163
4627
3939
5005
348
1111
8044
4317
692
9836
1571
3582
911
4014
1008
8911
6742
6641
1476
6921
7145
916
3947
2031
2872
7122
8667
850
1900
497
2752
5064
1476
6692
69
1825
4155
4465
6142
4848
654
4065
4782
1565
8079
5790
476
4821
8783
8305
8095
2280
9221
2042
664
2094
9164
9331
2944
1064
9828
2049
6128
1305
5093
2550
3130
9248
3367
5624
448
4021
9689
5230
5586
7768
7372
2415
8941
2508
720
7036
4788
9941
9078
5452
8387
4594
4784
1332
2011
964
9733
4491
2269
4826
7041
1751
4074
6761
7375
875
782
3416
2457
6369
7536
9830
5136
6478
2338
5856
9866
3478
2149
5297
5283
537
9891
6419
8221
1902
7383
7954
6394
6005
9132
9787
4108
9558
6548
7836
433
3683
1252
2891
6404
5141
9073
1540
1619
7763
7396
7837
1241
9545
3134
6524
6434
9378
9295
4655
7632
6679
8961
378
9036
8093
6518
3144
7652
3066
980
4437
6749
8585
7328
3153
3726
6401
1045
1697
4164
8441
9534
1758
4339
9021
4634
773
8399
3930
1781
2383
6961
742
2762
5997
5188
5632
9141
9192
8698
6474
3629
1800
5059
7310
1305
8785
63
2351
482
580
7144
6368
8690
7835
5389
3324
4961
140
7254
3094
8876
567
188
1638
6564
5376
7270
5706
920
2320
8532
902
472
3591
8212
8130
2376
4627
6833
9210
5207
329
5578
3897
8165
7320
3574
9478
7460
7180
2572
6336
7748
2760
4326
4312
8137
7948
6370
5409
6621
4902
6311
3445
4845
4523
7927
7221
5503
4760
2783
710
1442
8362
960
9607
2034
886
5437
5846
8066
8009
2183
5814
769
2861
6479
5258
7162
9201
668
135
4104
3331
9932
5301
7855
7860
8875
9710
8972
1658
420
414
6372
7732
6373
8406
8618
1810
4253
3037
6171
2788
5203
6941
2001
1682
8551
5515
7236
5571
5650
1340
8903
1935
2993
3110
9795
1868
2820
8767
3527
9592
5534
9899
3677
1907
4658
8647
70
5263
1684
6241
8051
6888
3182
6404
4922
8086
1920
2158
3657
3922
9850
8912
5857
2844
2022
5652
4712
1194
772
4591
787
6306
843
816
8213
5501
9463
8283
764
1148
4525
5167
8036
4059
1571
9310
8497
9843
1469
2155
3766
1319
7419
9623
515
5794
1628
5228
6988
2400
9819
4127
8706
662
4943
3271
2515
4407
7907
9631
5555
8784
4798
9943
2843
2722
9253
1341
2565
7074
9848
6331
4746
7267
2307
5261
9413
3935
489
6402
2687
6661
529
7745
3675
1825
1016
6191
6232
8923
5822
8139
7707
621
4434
6903
9695
39
4596
2260
7114
4444
-1
